"","Date","Country","Confirmed","Deaths","Recovered","Confirmed_Daily","Deaths_Daily"
"1",2020-01-31,"Italy",2,0,0,NA,NA
"2",2020-02-01,"Italy",2,0,0,0,0
"3",2020-02-02,"Italy",2,0,0,0,0
"4",2020-02-03,"Italy",2,0,0,0,0
"5",2020-02-04,"Italy",2,0,0,0,0
"6",2020-02-05,"Italy",2,0,0,0,0
"7",2020-02-06,"Italy",2,0,0,0,0
"8",2020-02-07,"Italy",3,0,0,1,0
"9",2020-02-08,"Italy",3,0,0,0,0
"10",2020-02-09,"Italy",3,0,0,0,0
"11",2020-02-10,"Italy",3,0,0,0,0
"12",2020-02-11,"Italy",3,0,0,0,0
"13",2020-02-12,"Italy",3,0,0,0,0
"14",2020-02-13,"Italy",3,0,0,0,0
"15",2020-02-14,"Italy",3,0,0,0,0
"16",2020-02-15,"Italy",3,0,0,0,0
"17",2020-02-16,"Italy",3,0,0,0,0
"18",2020-02-17,"Italy",3,0,0,0,0
"19",2020-02-18,"Italy",3,0,0,0,0
"20",2020-02-19,"Italy",3,0,0,0,0
"21",2020-02-20,"Italy",3,0,0,0,0
"22",2020-02-21,"Italy",20,1,0,17,1
"23",2020-02-22,"Italy",62,2,1,42,1
"24",2020-02-23,"Italy",155,3,2,93,1
"25",2020-02-24,"Italy",229,7,1,74,4
"26",2020-02-25,"Italy",322,10,1,93,3
"27",2020-02-26,"Italy",453,12,3,131,2
"28",2020-02-27,"Italy",655,17,45,202,5
"29",2020-02-28,"Italy",888,21,46,233,4
"30",2020-02-29,"Italy",1128,29,46,240,8
"31",2020-03-01,"Italy",1694,34,83,566,5
"32",2020-03-02,"Italy",2036,52,149,342,18
"33",2020-03-03,"Italy",2502,79,160,466,27
"34",2020-03-04,"Italy",3089,107,276,587,28
"35",2020-03-05,"Italy",3858,148,414,769,41
"36",2020-03-06,"Italy",4636,197,523,778,49
"37",2020-03-07,"Italy",5883,233,589,1247,36
"38",2020-03-08,"Italy",7375,366,622,1492,133
"39",2020-03-09,"Italy",9172,463,724,1797,97
"40",2020-03-10,"Italy",10149,631,724,977,168
"41",2020-03-11,"Italy",12462,827,1045,2313,196
"42",2020-03-12,"Italy",12462,827,1045,0,0
"43",2020-03-13,"Italy",17660,1266,1439,5198,439
"44",2020-03-14,"Italy",21157,1441,1966,3497,175
"45",2020-03-15,"Italy",24747,1809,2335,3590,368
"46",2020-03-16,"Italy",27980,2158,2749,3233,349
"47",2020-03-17,"Italy",31506,2503,2941,3526,345
"48",2020-03-18,"Italy",35713,2978,4025,4207,475
"49",2020-03-19,"Italy",41035,3405,4440,5322,427
"50",2020-03-20,"Italy",47021,4032,4440,5986,627
"51",2020-03-21,"Italy",53578,4825,6072,6557,793
"52",2020-03-22,"Italy",59138,5476,7024,5560,651
"53",2020-03-23,"Italy",63927,6077,7432,4789,601
"54",2020-03-24,"Italy",69176,6820,8326,5249,743
"55",2020-03-25,"Italy",74386,7503,9362,5210,683
"56",2020-03-26,"Italy",80589,8215,10361,6203,712
"57",2020-03-27,"Italy",86498,9134,10950,5909,919
"58",2020-03-28,"Italy",92472,10023,12384,5974,889
"59",2020-03-29,"Italy",97689,10779,13030,5217,756
"60",2020-03-30,"Italy",101739,11591,14620,4050,812
"61",2020-03-31,"Italy",105792,12428,15729,4053,837
"62",2020-04-01,"Italy",110574,13155,16847,4782,727
"63",2020-04-02,"Italy",115242,13915,18278,4668,760
"64",2020-04-03,"Italy",119827,14681,19758,4585,766
"65",2020-04-04,"Italy",124632,15362,20996,4805,681
"66",2020-04-05,"Italy",128948,15887,21815,4316,525
"67",2020-04-06,"Italy",132547,16523,22837,3599,636
"68",2020-04-07,"Italy",135586,17127,24392,3039,604
"69",2020-04-08,"Italy",139422,17669,26491,3836,542
"70",2020-04-09,"Italy",143626,18279,28470,4204,610
"71",2020-04-10,"Italy",147577,18849,30455,3951,570
"72",2020-04-11,"Italy",152271,19468,32534,4694,619
"73",2020-04-12,"Italy",156363,19899,34211,4092,431
"74",2020-04-13,"Italy",159516,20465,35435,3153,566
"75",2020-04-14,"Italy",162488,21067,37130,2972,602
"76",2020-04-15,"Italy",165155,21645,38092,2667,578
"77",2020-04-16,"Italy",168941,22170,40164,3786,525
"78",2020-04-17,"Italy",172434,22745,42727,3493,575
"79",2020-04-18,"Italy",175925,23227,44927,3491,482
"80",2020-04-19,"Italy",178972,23660,47055,3047,433
"81",2020-04-20,"Italy",181228,24114,48877,2256,454
"82",2020-04-21,"Italy",183957,24648,51600,2729,534
"83",2020-04-22,"Italy",187327,25085,54543,3370,437
"84",2020-04-23,"Italy",189973,25549,57576,2646,464
"85",2020-04-24,"Italy",192994,25969,60498,3021,420
"86",2020-04-25,"Italy",195351,26384,63120,2357,415
"87",2020-04-26,"Italy",197675,26644,64928,2324,260
"88",2020-04-27,"Italy",199414,26977,66624,1739,333
"89",2020-04-28,"Italy",201505,27359,68941,2091,382
"90",2020-04-29,"Italy",203591,27682,71252,2086,323
"91",2020-04-30,"Italy",205463,27967,75945,1872,285
"92",2020-05-01,"Italy",207428,28236,78249,1965,269
"93",2020-05-02,"Italy",209328,28710,79914,1900,474
"94",2020-05-03,"Italy",210717,28884,81654,1389,174
"95",2020-05-04,"Italy",211938,29079,82879,1221,195
"96",2020-05-05,"Italy",213013,29315,85231,1075,236
"97",2020-05-06,"Italy",214457,29684,93245,1444,369
"98",2020-05-07,"Italy",215858,29958,96276,1401,274
"99",2020-05-08,"Italy",217185,30201,99023,1327,243
"100",2020-05-09,"Italy",218268,30395,103031,1083,194
"101",2020-05-10,"Italy",219070,30560,105186,802,165
"102",2020-05-11,"Italy",219814,30739,106587,744,179
"103",2020-05-12,"Italy",221216,30911,109039,1402,172
"104",2020-05-13,"Italy",222104,31106,112541,888,195
"105",2020-05-14,"Italy",223096,31368,115288,992,262
"106",2020-05-15,"Italy",223885,31610,120205,789,242
"107",2020-05-16,"Italy",224760,31763,122810,875,153
"108",2020-05-17,"Italy",225435,31908,125176,675,145
"109",2020-05-18,"Italy",225886,32007,127326,451,99
"110",2020-05-19,"Italy",226699,32169,129401,813,162
"111",2020-05-20,"Italy",227364,32330,132282,665,161
"112",2020-05-21,"Italy",228006,32486,134560,642,156
"113",2020-05-22,"Italy",228658,32616,136720,652,130
"114",2020-05-23,"Italy",229327,32735,138840,669,119
"115",2020-05-24,"Italy",229858,32785,140479,531,50
"116",2020-05-25,"Italy",230158,32877,141981,300,92
"117",2020-05-26,"Italy",230555,32955,144658,397,78
"118",2020-05-27,"Italy",231139,33072,147101,584,117
"119",2020-05-28,"Italy",231732,33142,150604,593,70
"120",2020-05-29,"Italy",232248,33229,152844,516,87
"121",2020-05-30,"Italy",232664,33340,155633,416,111
"122",2020-05-31,"Italy",232997,33415,157507,333,75
"123",2020-06-01,"Italy",233197,33475,158355,200,60
"124",2020-06-02,"Italy",233515,33530,160092,318,55
"125",2020-06-03,"Italy",233836,33601,160938,321,71
"126",2020-06-04,"Italy",234013,33689,161895,177,88
"127",2020-06-05,"Italy",234531,33774,163781,518,85
"128",2020-06-06,"Italy",234801,33846,165078,270,72
"129",2020-06-07,"Italy",234998,33899,165837,197,53
"130",2020-06-08,"Italy",235278,33964,166584,280,65
"131",2020-06-09,"Italy",235561,34043,168646,283,79
"132",2020-06-10,"Italy",235763,34114,169939,202,71
"133",2020-06-11,"Italy",236142,34167,171338,379,53
"134",2020-06-12,"Italy",236305,34223,173085,163,56
"135",2020-06-13,"Italy",236651,34301,174865,346,78
"136",2020-06-14,"Italy",236989,34345,176370,338,44
"137",2020-06-15,"Italy",237290,34371,177010,301,26
"138",2020-06-16,"Italy",237500,34405,178526,210,34
"139",2020-06-17,"Italy",237828,34448,179455,328,43
"140",2020-06-18,"Italy",238159,34514,180544,331,66
"141",2020-06-19,"Italy",238011,34561,181907,0,47
"142",2020-06-20,"Italy",238275,34610,182453,264,49
"143",2020-06-21,"Italy",238499,34634,182893,224,24
"144",2020-06-22,"Italy",238720,34657,183426,221,23
"145",2020-06-23,"Italy",238833,34675,184585,113,18
"146",2020-06-24,"Italy",239410,34644,186111,577,0
"147",2020-06-25,"Italy",239706,34678,186725,296,34
"148",2020-06-26,"Italy",239961,34708,187615,255,30
"149",2020-06-27,"Italy",240136,34716,188584,175,8
"150",2020-06-28,"Italy",240310,34738,188891,174,22
"151",2020-06-29,"Italy",240436,34744,189196,126,6
"152",2020-06-30,"Italy",240578,34767,190248,142,23
"153",2020-07-01,"Italy",240760,34788,190717,182,21
"154",2020-07-02,"Italy",240961,34818,191083,201,30
"155",2020-07-03,"Italy",241184,34833,191467,223,15
"156",2020-07-04,"Italy",241419,34854,191944,235,21
"157",2020-07-05,"Italy",241611,34861,192108,192,7
"158",2020-07-06,"Italy",241819,34869,192241,208,8
"159",2020-07-07,"Italy",241956,34899,192815,137,30
"160",2020-07-08,"Italy",242149,34914,193640,193,15
"161",2020-07-09,"Italy",242363,34926,193978,214,12
"162",2020-07-10,"Italy",242639,34938,194273,276,12
"163",2020-07-11,"Italy",242827,34945,194579,188,7
"164",2020-07-12,"Italy",243061,34954,194928,234,9
"165",2020-07-13,"Italy",243230,34967,195106,169,13
"166",2020-07-14,"Italy",243344,34984,195441,114,17
"167",2020-07-15,"Italy",243506,34997,196016,162,13
"168",2020-07-16,"Italy",243736,35017,196246,230,20
"169",2020-07-17,"Italy",243967,35028,196483,231,11
"170",2020-07-18,"Italy",244216,35042,196806,249,14
"171",2020-07-19,"Italy",244434,35045,196949,218,3
"172",2020-07-20,"Italy",244624,35058,197162,190,13
"173",2020-07-21,"Italy",244752,35073,197431,128,15
"174",2020-07-22,"Italy",245032,35082,197628,280,9
"175",2020-07-23,"Italy",245338,35092,197842,306,10
"176",2020-07-24,"Italy",245590,35097,198192,252,5
"177",2020-07-25,"Italy",245864,35102,198320,274,5
"178",2020-07-26,"Italy",246118,35107,198446,254,5
"179",2020-07-27,"Italy",246286,35112,198593,168,5
"180",2020-07-28,"Italy",246488,35123,198756,202,11
"181",2020-07-29,"Italy",246776,35129,199031,288,6
"182",2020-07-30,"Italy",247158,35132,199796,382,3
"183",2020-07-31,"Italy",247537,35141,199974,379,9
"184",2020-08-01,"Italy",247832,35146,200229,295,5
"185",2020-08-02,"Italy",248070,35154,200460,238,8
"186",2020-08-03,"Italy",248229,35166,200589,159,12
"187",2020-08-04,"Italy",248419,35171,200766,190,5
"188",2020-08-05,"Italy",248803,35181,200976,384,10
"189",2020-08-06,"Italy",249204,35187,201323,401,6
"190",2020-08-07,"Italy",249756,35190,201642,552,3
"191",2020-08-08,"Italy",250103,35203,201947,347,13
"192",2020-08-09,"Italy",250566,35205,202098,463,2
"193",2020-08-10,"Italy",250825,35209,202248,259,4
"194",2020-08-11,"Italy",251237,35215,202461,412,6
"195",2020-08-12,"Italy",251713,35225,202697,476,10
"196",2020-08-13,"Italy",252235,35231,202923,522,6
"197",2020-08-14,"Italy",252809,35234,203326,574,3
"198",2020-08-15,"Italy",253438,35392,203640,629,158
"199",2020-08-16,"Italy",253915,35396,203786,477,4
"200",2020-08-17,"Italy",254235,35400,203968,320,4
"201",2020-08-18,"Italy",254636,35405,204142,401,5
"202",2020-08-19,"Italy",255278,35412,204506,642,7
"203",2020-08-20,"Italy",256118,35418,204686,840,6
"204",2020-08-21,"Italy",257065,35427,204960,947,9
"205",2020-08-22,"Italy",258136,35430,205203,1071,3
"206",2020-08-23,"Italy",259345,35437,205470,1209,7
"207",2020-08-24,"Italy",260298,35441,205662,953,4
"208",2020-08-25,"Italy",261174,35445,206015,876,4
"209",2020-08-26,"Italy",262540,35458,206329,1366,13
"210",2020-08-27,"Italy",263949,35463,206554,1409,5
"211",2020-08-28,"Italy",265409,35472,206902,1460,9
"212",2020-08-29,"Italy",266853,35473,208224,1444,1
"213",2020-08-30,"Italy",268218,35477,208536,1365,4
"214",2020-08-31,"Italy",269214,35483,207653,996,6
"215",2020-09-01,"Italy",270189,35491,207944,975,8
"216",2020-09-02,"Italy",271515,35497,208201,1326,6
"217",2020-09-03,"Italy",272912,35507,208490,1397,10
"218",2020-09-04,"Italy",274644,35518,209027,1732,11
"219",2020-09-05,"Italy",276338,35534,209610,1694,16
"220",2020-09-06,"Italy",277634,35541,210015,1296,7
"221",2020-09-07,"Italy",278784,35553,210238,1150,12
"222",2020-09-08,"Italy",280153,35563,210801,1369,10
"223",2020-09-09,"Italy",281583,35577,211272,1430,14
"224",2020-09-10,"Italy",283180,35587,211885,1597,10
"225",2020-09-11,"Italy",284796,35597,212432,1616,10
"226",2020-09-12,"Italy",286297,35603,213191,1501,6
"227",2020-09-13,"Italy",287753,35610,213634,1456,7
"228",2020-09-14,"Italy",288761,35624,213950,1008,14
"229",2020-09-15,"Italy",289990,35633,214645,1229,9
"230",2020-09-16,"Italy",291442,35645,215265,1452,12
"231",2020-09-17,"Italy",293025,35658,215954,1583,13
"232",2020-09-18,"Italy",294932,35668,216807,1907,10
"233",2020-09-19,"Italy",296569,35692,217716,1637,24
"234",2020-09-20,"Italy",298156,35707,218351,1587,15
"235",2020-09-21,"Italy",299506,35724,218703,1350,17
"236",2020-09-22,"Italy",300897,35738,219670,1391,14
"237",2020-09-23,"Italy",302537,35758,220665,1640,20
"238",2020-09-24,"Italy",304323,35781,221762,1786,23
"239",2020-09-25,"Italy",306235,35801,222716,1912,20
"240",2020-09-26,"Italy",308104,35818,223693,1869,17
"241",2020-09-27,"Italy",309870,35835,224417,1766,17
"242",2020-09-28,"Italy",311364,35851,225190,1494,16
"243",2020-09-29,"Italy",313011,35875,226506,1647,24
"244",2020-09-30,"Italy",314861,35894,227704,1850,19
"245",2020-10-01,"Italy",317409,35918,228844,2548,24
"246",2020-10-02,"Italy",319908,35941,229970,2499,23
"247",2020-10-03,"Italy",322751,35968,231217,2843,27
"248",2020-10-04,"Italy",325329,35986,231914,2578,18
"249",2020-10-05,"Italy",327586,36002,232681,2257,16
"250",2020-10-06,"Italy",330263,36030,234099,2677,28
"251",2020-10-07,"Italy",333940,36061,235303,3677,31
"252",2020-10-08,"Italy",338398,36083,236363,4458,22
"253",2020-10-09,"Italy",343770,36111,237549,5372,28
"254",2020-10-10,"Italy",349494,36140,238525,5724,29
"255",2020-10-11,"Italy",354950,36166,239709,5456,26
"256",2020-10-12,"Italy",359569,36205,240600,4619,39
"257",2020-10-13,"Italy",365467,36246,242028,5898,41
"258",2020-10-14,"Italy",372799,36289,244065,7332,43
"259",2020-10-15,"Italy",381602,36372,245964,8803,83
"260",2020-10-16,"Italy",391611,36427,247872,10009,55
"261",2020-10-17,"Italy",402536,36474,249127,10925,47
"262",2020-10-18,"Italy",414241,36543,251461,11705,69
"263",2020-10-19,"Italy",423578,36616,252959,9337,73
"264",2020-10-20,"Italy",434449,36705,255005,10871,89
"265",2020-10-21,"Italy",449648,36832,257374,15199,127
"266",2020-10-22,"Italy",465726,36968,259456,16078,136
"267",2020-10-23,"Italy",484869,37059,261808,19143,91
"268",2020-10-24,"Italy",504509,37210,264117,19640,151
"269",2020-10-25,"Italy",525782,37338,266203,21273,128
"270",2020-10-26,"Italy",542789,37479,268626,17007,141
"271",2020-10-27,"Italy",564778,37700,271988,21989,221
"272",2020-10-28,"Italy",589766,37905,275404,24988,205
"273",2020-10-29,"Italy",616595,38122,279282,26829,217
"274",2020-10-30,"Italy",647674,38321,283567,31079,199
"275",2020-10-31,"Italy",679430,38618,289426,31756,297
"276",2020-11-01,"Italy",709335,38826,292380,29905,208
"277",2020-11-02,"Italy",731588,39059,296017,22253,233
"278",2020-11-03,"Italy",759829,39412,302275,28241,353
"279",2020-11-04,"Italy",790377,39764,307378,30548,352
"280",2020-11-05,"Italy",824879,40192,312339,34502,428
"281",2020-11-06,"Italy",862681,40638,322925,37802,446
"282",2020-11-07,"Italy",902490,41063,328891,39809,425
"283",2020-11-08,"Italy",935104,41394,335074,32614,331
"284",2020-11-09,"Italy",960373,41750,345289,25269,356
"285",2020-11-10,"Italy",995463,42330,363023,35090,580
"286",2020-11-11,"Italy",1028424,42953,372113,32961,623
"287",2020-11-12,"Italy",1066401,43589,387758,37977,636
"288",2020-11-13,"Italy",1107303,44139,399238,40902,550
"289",2020-11-14,"Italy",1144552,44683,411434,37249,544
"290",2020-11-15,"Italy",1178529,45229,420810,33977,546
"291",2020-11-16,"Italy",1205881,45733,442364,27352,504
"292",2020-11-17,"Italy",1238072,46464,457798,32191,731
"293",2020-11-18,"Italy",1272352,47217,481967,34280,753
"294",2020-11-19,"Italy",1308528,47870,498987,36176,653
"295",2020-11-20,"Italy",1345767,48569,520022,37239,699
"296",2020-11-21,"Italy",1380531,49261,539524,34764,692
"297",2020-11-22,"Italy",1408868,49823,553098,28337,562
"298",2020-11-23,"Italy",1431795,50453,584493,22927,630
"299",2020-11-24,"Italy",1455022,51306,605330,23227,853
"300",2020-11-25,"Italy",1480874,52028,637149,25852,722
"301",2020-11-26,"Italy",1509875,52850,661180,29001,822
"302",2020-11-27,"Italy",1538217,53677,696647,28342,827
"303",2020-11-28,"Italy",1564532,54363,720861,26315,686
"304",2020-11-29,"Italy",1585178,54904,734503,20646,541
"305",2020-11-30,"Italy",1601554,55576,757507,16376,672
"306",2020-12-01,"Italy",1620901,56361,784595,19347,785
"307",2020-12-02,"Italy",1641610,57045,823335,20709,684
"308",2020-12-03,"Italy",1664829,58038,846809,23219,993
"309",2020-12-04,"Italy",1688939,58852,872385,24110,814
"310",2020-12-05,"Italy",1709991,59514,896308,21052,662
"311",2020-12-06,"Italy",1728878,60078,913494,18887,564
